gcc suavizador_gauseano_sequencial.c -o serial -lm

gcc suavizador_gauseano_paralelo.c -o paralelo -fopenmp -lm

export OMP_NUM_THREADS=4
./paralelo



--- Matriz Suavizada em Sequencia ---
2.549978 2.998259 3.275312 2.998259 2.549978 
2.998259 3.525346 3.851105 3.525346 2.998259 
3.275312 3.851105 4.206965 3.851105 3.275312 
2.998259 3.525346 3.851105 3.525346 2.998259 
2.549978 2.998259 3.275312 2.998259 2.549978 

Tempo de execucao (Serial): 0.000157 segundos

Rodando Suavizador com 1 threads...

--- Matriz Suavizada em Paralelo ---
2.549978 2.998259 3.275312 2.998259 2.549978 
2.998259 3.525346 3.851105 3.525346 2.998259 
3.275312 3.851105 4.206965 3.851105 3.275312 
2.998259 3.525346 3.851105 3.525346 2.998259 
2.549978 2.998259 3.275312 2.998259 2.549978 

Tempo de execucao (paralelo): 0.000070 segundos

Rodando Suavizador com 2 threads...

--- Matriz Suavizada em Paralelo ---
2.549978 2.998259 3.275312 2.998259 2.549978 
2.998259 3.525346 3.851105 3.525346 2.998259 
3.275312 3.851105 4.206965 3.851105 3.275312 
2.998259 3.525346 3.851105 3.525346 2.998259 
2.549978 2.998259 3.275312 2.998259 2.549978 

Tempo de execucao (paralelo): 0.000415 segundos

Rodando Suavizador com 3 threads...

--- Matriz Suavizada em Paralelo ---
2.549978 2.998259 3.275312 2.998259 2.549978 
2.998259 3.525346 3.851105 3.525346 2.998259 
3.275312 3.851105 4.206965 3.851105 3.275312 
2.998259 3.525346 3.851105 3.525346 2.998259 
2.549978 2.998259 3.275312 2.998259 2.549978 

Tempo de execucao (paralelo): 0.000344 segundos

Rodando Suavizador com 4 threads...

--- Matriz Suavizada em Paralelo ---
2.549978 2.998259 3.275312 2.998259 2.549978 
2.998259 3.525346 3.851105 3.525346 2.998259 
3.275312 3.851105 4.206965 3.851105 3.275312 
2.998259 3.525346 3.851105 3.525346 2.998259 
2.549978 2.998259 3.275312 2.998259 2.549978 

Tempo de execucao (paralelo): 0.000466 segundos